rOtk
MinD_ContRoL
MinD_ContRoL
s4
rOtk
MinD_ContRoL
rOtk
InJuly
InJuly
MinD_ContRoL
MinD_ContRoL
KheZu
s4
